Tamim
011073054
10 20 28 37
10 18 30 35
10 15 18 34
3.9
Ahasan
011073054
10 20 28 37
10 18 30 35
10 15 18 34
3.8
Zaman
011073054
10 20 28 37
10 18 30 35
10 15 18 34
4.0
Zahid
011073054
10 20 28 37
10 18 30 35
10 15 18 34
4.0
Sajeda
011073054
10 20 28 37
10 18 30 35
10 15 18 34
4.0
Sajid
011073054
10 20 28 37
10 18 30 35
10 15 18 34
4.0
Shamsuzzaman
011073054
10 20 28 37
10 18 30 35
10 15 18 34
4.0
Zaman
011073054
10 20 28 37
10 18 30 35
10 15 18 34
4.0
Sadaf
011073054
10 20 28 37
10 18 30 35
10 15 18 34
4.0
Jannatul
011073054
10 20 28 37
10 18 30 35
10 15 18 34
4.0